811132477
477349783
1966381336
1345270469
1252936867
2032764834
361224915
170876336
732943113
608700999
1973079532
105217350
1008959969
1059322271
1389975067
983839003
1905525168
737870865
1825050277
1111075438
1474575801
1234201027
672114416
463006492
1416857963
1833106205
1215587573
1368405500
1388862777
1616933796
1548240234
214262139
1921177801
1818668762
1231135183
684081836
1883455261
1323614847
211634256
704021160
1996224797
413146098
931838335
1956142421
1058517824
754536220
599314005
972177605
1333420859
1812520768
981015081
1688508348
1910893378
767063161
686213986
1211278312
1957099871
2117994445
443704443
1277351117
46204360
1315081953
680689147
697106060
1738256035
501646457
151204677
823851938
1652449757
1464542895
114874351
105418604
96468653
2145981133
517050966
1356749800
912524754
1622817251
1647220657
1625888722
1729826226
555767296
1374563069
1799909904
1631104886
1351065047
2005645198
1975519474
311133251
93869112
1405168486
789078143
1324829176
1293508936
1027728771
826481376
748257636
301851420
860441726
289209984
